-137.668312369.135225
-248.051693640.989609
-215.610819518.869225
-254.602275682.813252
-128.242696313.964683
-113.840563323.589453
-136.250760321.524643
-286.336861680.980993
-196.316100485.311835
-155.256131390.245667
-219.476636563.359415
-261.404325648.936882
-241.332549595.340171
-160.364429363.681041
-248.420433606.068119
-260.977012640.527059
-145.432330359.231968
-196.895474525.278244
-264.652515663.300367
-278.248551674.670688
-161.366420430.724859
-183.543005490.057832
-194.396179543.637488
-133.046211333.895312
-128.636644331.403709
-172.641508435.390753
-157.807912390.311408
-207.070818479.548259
-278.807345694.910876
-184.592118431.553437
-262.264363672.164999
-202.483347529.240445
-194.291439447.181056
-257.807779657.998404
-122.056175300.699145
-211.620360562.904699
-175.585154398.685736
-167.070824386.927078
-226.523920590.086562
-159.563920418.474531
-237.438061546.940612
-149.198357381.208271
-237.432009623.465097
-253.980861667.157026
-234.637937574.120986
-149.135988373.689836
-198.376350500.202538
-154.860333406.027162
-205.470944523.475607
-267.046813683.284936
-149.002066348.041598
-222.508399570.947069
-135.662780322.689006
-112.428483342.518427
-150.863993386.621194
-146.406407358.903499
-246.034159590.385719
-186.885776462.597775
-197.363916513.682775
-141.352177369.526010
-213.912734518.412920
-180.312568440.589316
-229.271643607.694791
-123.596682369.430794
-265.792717669.537870
-177.790452451.146982
-270.987912638.855163
-136.381155350.592719
-249.228219586.182884
-150.764314368.471367
-251.021969657.274432
-161.274666359.000065
-189.128635470.890257
-216.007132534.844772
-129.604245314.879160
-233.628344578.815984
-241.817704547.298995
-187.525428469.867098
-229.370289604.081953
-190.640186475.016771
-155.227730394.303992
-202.324782509.922230
-190.716530440.758878
-159.592389387.821033
-246.203716595.892063
-173.180335478.706641
-207.562148503.320550
-132.371849312.965761
-235.058972639.054111
-216.619615509.794375
-158.089237415.971091
-217.195066547.832257
-147.812109397.076736
-139.627577338.372680
-220.905716544.585253
-198.045482475.620980
-189.567381465.355527
-142.842824373.487940
-149.598213375.638156
-198.764421510.263169
-257.358149596.275478
-136.996506373.472728
-174.042816453.402487
-118.748274303.642808
-262.995625667.341415
-220.674734559.295297
-199.342093552.861584
-288.773839695.431521
-150.249115339.927583
-257.226690661.919805
-194.320889487.619329
-233.548554574.855321
-175.802268451.761149
-134.033401354.150703
-180.983425425.699720
-176.354355424.754195
-256.625012617.116070
-134.683506352.539205
-177.656212487.534539
-153.869355367.266051
-210.055469499.190904
-139.134796355.381163
-155.560990395.311848
-151.796964369.121626
-255.202672644.425829
-148.699801399.339566
-241.763567630.039832
-158.125442421.977551
-148.838328343.171770
-172.205649414.582450
-142.912299365.533049
-233.164780598.944281
-248.101866609.937162
-197.091318525.828405
-251.974387620.775282
-205.691032508.423824
-203.010947507.172926
-195.523925535.572582
-214.268544567.257690
-244.928430595.796287
-238.093056611.228417
-245.587016587.176372
-252.172355588.871372
-259.993377656.075917
-131.465752354.167417
-235.101836575.224309
-216.167708509.651791
-253.284451631.094156
-125.349813340.705858
-287.156841688.260052
-153.938622373.153116
-211.164753539.716202
-153.899320397.689873
-250.069260673.929831
-154.638510366.462498
-215.194852522.632753
-168.911818432.868048
-139.453245311.939282
-149.485520351.710510
-271.235199693.128509
-149.203981355.214824
-223.569991599.392145
-139.543857341.990689
-136.260625344.422181
-296.859758683.220432
-179.753157467.478469
-271.863636663.721479
-244.158325624.573057
-137.376177318.750977
-238.727752585.609764
-281.142541639.063011
-153.420219395.118991
-140.819056364.796147
-268.362261673.016056
-146.489627390.307206
-194.421538455.951148
-148.762646382.832209
-154.195780446.727134
-217.200228537.786623
-213.653774515.625536
-139.987202333.016896
-230.523271556.785794
-229.558545620.670468
-204.200884477.090365
-261.104679703.893385
-253.800166661.480822
-268.004815661.909273
-252.653912643.189136
-196.907773478.036498
-265.333753651.715483
-186.918275416.946606
-262.152000685.303077
-131.602235303.824523
-258.164401638.461060
-188.741482447.700522
-260.009204684.495406
-175.140018416.919682
-240.829274622.134975
-125.573303318.691870
-251.528048640.508134
