-395.387731398.448960
-473.476647711.783508
-428.172713485.443590
-390.947014378.696158
-469.484809647.394731
-443.240318532.981512
-465.417312658.587820
-473.571322650.429890
-391.972801379.750483
-469.869564693.571622
-444.940238529.606438
-417.907183436.521248
-467.706918637.162412
-448.599783528.723119
-469.951753842.488835
-472.565080732.784029
-470.442924783.076470
-465.246459610.808113
-470.555251791.525719
-386.744143360.389174
-472.922027694.640786
-381.638514360.464212
-389.581616369.798685
-450.859230530.593481
-460.370131582.334616
-472.263114709.266603
-464.802778629.601482
-457.892040583.314636
-381.225442367.523486
-466.026414830.348004
-476.618605727.588388
-441.135322514.945899
-464.970558634.610850
-425.703905469.026931
-446.833315534.191014
-467.427179842.751279
-454.540890545.512624
-439.774590504.187062
-446.089169540.120469
-480.857896738.478363
-469.677950809.959026
-402.054627407.239010
-470.204991723.452290
-467.372323649.933658
-464.628639762.349397
-390.706353373.975831
-480.425248765.301636
-469.530671678.814156
-443.072956534.756227
-441.881823543.539415
-457.715915586.057275
-387.830201367.738899
-478.139534754.082012
-452.445682570.330484
-461.334171580.193205
-475.195999695.230915
-425.765707458.848089
-463.011988620.271087
-399.287680387.199444
-455.722994556.303763
-470.067876791.200211
-456.375039565.334696
-457.882089603.466924
-466.199873649.653114
-455.925103583.405632
-442.672434494.598809
-465.391689599.422893
-245.770793581.911801
-219.089812406.396870
-241.080109555.698980
-226.055957474.797501
-217.819444270.566664
-230.951910502.523575
-227.276981487.545440
-218.958635297.128636
-234.580908541.714768
-226.752801483.124410
-213.979315303.897399
-227.690896223.813529
-236.676014148.722954
-250.816587590.790905
-214.946997314.750587
-228.998664209.250226
-217.583511330.343597
-221.984375220.485933
-254.897065582.526353
-228.803691489.903572
-252.758938104.743303
-235.119963170.663003
-215.014813378.879860
-240.897891538.184321
-214.627668443.297050
-252.014403592.880731
-214.531729274.005259
-216.821211342.935034
-220.208377290.692437
-219.622372351.815891
-223.802954252.587283
-251.639024101.145908
-221.202293430.899436
-214.291590350.525589
-237.423836166.536217
-231.117702518.700167
-245.798467127.379398
-227.143246515.074203
-227.492900500.616408
-224.691616385.739047
-234.362746143.216937
-211.668943324.356038
-239.287694555.594453
-220.577934489.030235
-219.209546439.538911
-236.975726168.798173
-239.391775156.112931
-250.469801582.707711
-246.313776565.196861
-237.560319160.965282
-246.245540561.254174
-236.404394172.190545
-220.199254327.496042
-219.401467304.169795
-236.166791536.676190
-238.228885530.658514
-220.079932355.519386
-216.829387319.328548
-218.592609259.068314
-222.168485460.757461
-244.413207572.900499
-214.177036360.963461
-220.499795468.003246
-237.972688533.547975
-222.680219250.523945
-233.671389196.164387
-228.588546174.821534
-252.619577586.372070
-276.472158525.369779
-265.920517570.904249
-295.229786511.255348
-305.143396482.900756
-340.154783424.477070
-278.897266538.459724
-260.523126558.533296
-268.211396574.631399
-281.314992549.121438
-267.388216542.002664
-278.130254565.269574
-338.448068433.739057
-241.734239576.418893
-260.268945559.450939
-247.990328610.420702
-310.107473490.703808
-352.726198434.956525
-254.493182570.638876
-244.870448584.221463
-310.875555461.584354
-383.504140340.045635
-378.139109338.069874
-379.488208371.517118
-313.375020468.761173
-382.984713346.882777
-343.635157417.278980
-243.977917579.078403
-331.745943438.208078
-365.138259399.103643
-295.954691520.724938
-277.872034528.831346
-330.717373441.729780
-367.532708418.638508
-380.231978368.530794
-308.601674475.165578
-321.982986437.378849
-304.452854481.271100
-316.867768498.680891
-267.796789559.575880
-330.624396454.019098
-367.099531376.148226
-324.347351460.456584
-334.628521437.381985
-256.574644601.384167
-359.965103416.171888
-272.745932531.576113
-314.545662465.092609
-321.124689463.941127
-243.944770606.233628
-265.869428559.003529
-280.458011545.932866
-326.230400468.618434
-312.819710469.553561
-315.254929450.547115
-316.901275473.874193
-349.480791398.586317
-256.360440542.439511
-308.162459501.889464
-366.489077401.091340
-379.885159361.880662
-255.928133578.596444
-335.328451463.850254
-356.392343384.131469
-256.530650566.304140
-316.563859500.066118
-362.421242390.162746
