-249.295277128.399077
-250.478322245.131772
-265.891554140.282636
-239.504666109.039510
-273.378258170.602051
-275.203602219.419458
-254.901249248.431685
-239.004512263.326590
-272.642246212.175594
-222.201664105.757563
-212.515850277.937832
-276.796103168.160436
-232.541222265.595299
-257.559819132.542650
-233.000278112.854719
-288.804874192.123870
-272.786038172.822090
-270.905395218.278008
-248.533572120.618218
-251.253107246.025238
-277.260418176.173619
-276.035263223.771662
-228.887034102.201741
-235.021613118.266834
-246.708397118.635316
-269.838135231.384113
-284.769755191.833719
-279.427884203.874524
-270.113889231.593936
-219.079443276.349297
-258.027492243.071569
-254.233359245.915507
-287.868956197.016275
-282.095955208.945028
-270.109461224.213308
-251.560860135.342603
-246.033229117.544140
-279.772906180.189263
-249.417433119.321656
-224.551495102.875642
-274.000023154.087159
-268.475170218.032299
-234.873412263.897935
-251.375879257.321413
-270.769428221.343905
-274.578341169.297219
-222.257471103.500562
-284.419072160.197664
-272.218732220.234392
-257.564710131.930334
-281.975382188.589557
-278.036445214.366024
-225.699999267.275533
-268.443862147.806042
-285.248780188.280180
-280.568424172.838406
-243.232266130.039772
-273.774778217.499391
-276.572078229.778522
-246.180686266.983467
-263.783490140.770309
-254.329507125.610945
-234.586585263.467141
-244.780269254.530128
-248.155616252.920670
-241.958442120.847968
-248.392638119.361809
-243.502359117.714527
-233.722253264.231032
-270.839388147.669711
-278.291225188.454777
-266.572968146.223946
-224.559927279.283485
-281.011167182.577288
-257.236517127.227171
-227.811580267.374000
-251.710252128.732488
-238.040919111.770295
-279.482701224.566741
-236.043379259.723753
-284.670548178.928847
-266.398640209.646547
-281.456038214.409481
-218.689788278.592218
-266.854694143.216385
-269.737642147.000266
-284.396234166.265831
-259.063995238.261853
-269.222460156.686378
-237.862733261.650615
-235.052212112.714197
-241.136674250.898143
-277.471793211.621856
-211.442984101.061387
-282.794309195.529131
-272.182574206.538737
-279.189088181.623877
-238.860955264.677804
-263.566515140.218084
-257.440198243.690375
-411.714245484.788698
-391.933732414.372964
-391.525981832.114432
-430.987112728.001246
-408.813886449.221761
-441.313517632.057783
-436.642563698.241252
-440.729771606.838516
-416.455301478.399663
-419.673681497.830860
-445.935823673.765104
-432.422553573.761046
-399.544006457.818261
-430.156890757.494382
-402.068999841.410448
-422.806068751.537156
-417.489679744.044102
-394.901580430.166850
-444.298896643.382378
-408.187003473.002357
-369.614673880.243899
-419.535637775.043045
-430.898565708.929978
-395.183374429.144287
-432.376898672.524800
-407.021533459.142823
-420.334428473.724685
-387.374033417.248858
-424.256015528.833439
-439.478423704.853597
-388.508737854.863568
-439.228077606.983465
-433.054991628.200939
-414.914379498.746688
-399.316575819.135645
-433.969472593.245349
-439.042559670.186059
-429.238990548.412940
-412.748973459.119599
-369.497840895.725520
-418.026075779.198366
-420.794831470.752715
-374.634425882.916202
-443.667091593.546527
-438.174082690.614792
-413.632139451.519889
-432.552149597.183799
-430.727501546.478322
-414.157106769.085932
-419.637682760.433514
-427.350081738.688275
-385.430962849.317798
-443.121098620.539342
-376.237582865.433655
-399.664610434.320068
-387.937398406.881767
-438.889966702.541394
-445.888717603.109212
-435.828005707.861207
-399.830064442.564361
-425.672465773.368370
-439.052158557.305907
-391.911915421.154083
-422.820338735.816643
-392.376737849.343528
-406.255529444.216560
-397.260175825.329390
-424.594178481.547324
-379.796299868.772867
-390.477771420.377946
-437.611969593.358029
-393.214446434.608927
-429.048997527.467575
-425.138016526.209830
-429.713647563.169370
-423.587230530.735833
-429.650956725.311207
-432.485167549.078399
-362.286472889.610894
-434.650735576.947238
-434.669323547.550913
-416.705221779.235665
-410.045429804.036553
-416.026071500.404613
-434.010026548.609502
-435.099230715.063896
-426.097445496.805321
-407.852345454.318796
-442.195169594.373875
-431.383019720.997451
-446.326398711.076248
-427.744361524.397731
-415.591478766.739850
-444.068722669.458798
-413.290906786.246017
-378.378055869.247987
-436.891624577.148645
-425.240431560.617210
-442.045555589.168282
-387.233236410.518314
