-10.014549383.052371
16.449095318.155373
11.631785252.232230
-9.355679288.251375
6.087336236.943708
7.428987375.039092
20.941867252.286943
-3.274784208.836799
-21.655534334.636980
1.722003210.914149
-9.667650330.189285
1.430319325.383274
9.014020302.856762
3.657689274.738132
-10.917041261.457384
-39.156895332.584291
-6.027066258.383689
3.253210344.399479
-5.374934343.023984
-4.002820309.293996
-1.314100388.191282
16.323231222.163788
-6.469431207.110998
-6.525580227.592573
14.257228250.838356
25.973907327.537178
-0.773174266.216404
12.197573296.085106
-0.563914314.424936
13.368332290.883570
-2.764459316.589177
22.233584311.615557
-3.818284356.724608
5.140005275.699532
-2.481387239.881509
-18.738725243.535700
-1.191446238.325022
-0.967616336.365784
6.142272225.675137
-12.458582215.194594
4.696661374.211479
1.661772302.381509
-5.187094366.509400
-16.361459276.771751
5.351301342.860904
-10.143138343.329947
2.095850264.725915
-3.782246335.033730
-9.567186205.694928
-1.892325349.711517
-18.005929390.036618
2.871346203.285693
11.048030242.703232
-2.049072342.410656
1.233127248.586215
3.512105358.474555
-1.836135274.590407
10.142512397.337017
-13.382082347.093063
-8.957486213.827267
-4.606493252.486081
6.191306272.827938
16.689399220.425700
0.575146293.448373
-8.654161216.223654
-4.164081206.416650
13.830879352.123359
-20.876769203.063258
1.395168333.458296
6.146284247.302989
4.002942292.321739
-8.587740262.900268
11.028027385.624536
-4.516572397.854292
3.427444273.592072
3.997923205.853206
-2.039592269.530946
-19.259466229.220575
-3.064929316.578295
-1.026806260.522939
12.966344280.777910
12.379493284.118070
-8.746173253.493672
4.043037233.072062
15.989495323.014381
13.492721391.644367
10.258778322.530997
-1.330870303.776057
7.229172249.240435
-10.927871318.972527
9.707193330.639597
1.257524299.747440
-7.632795342.700675
14.449091236.487979
12.117351357.127810
10.535331260.042254
8.771554363.545234
1.164380287.090113
4.944920382.719427
-1.708014201.374213
35.823840648.018104
73.192004696.671436
52.127544648.972774
80.710316677.616830
38.708423653.072922
90.417166749.229434
122.609246797.900720
61.003111685.106465
120.087368798.725316
79.385256731.509885
52.256234654.741127
74.712205694.915714
87.785592752.413549
107.309083787.267033
84.656581742.401635
57.385657696.084127
81.834512720.357048
73.806025716.266483
38.030119630.145069
44.715935630.890708
113.329039749.048329
25.684066635.090752
69.929812675.411890
40.056167655.846247
113.393617749.686119
61.896580681.641274
124.537788781.844469
58.548936679.528215
81.871308746.100686
74.827549712.852720
120.510506797.890033
41.692571666.382959
79.115944724.436942
98.521552755.482097
115.542265742.422324
82.777624721.154755
113.774147794.483761
42.095623667.020099
39.576534632.909066
40.707884654.448577
85.663174729.711914
119.615075794.322526
44.328477652.174595
43.702257637.833476
57.251839628.277596
58.422980708.170334
54.056141706.226356
72.275160719.797866
111.837328780.276336
78.574604685.946142
47.830037615.898879
85.222338729.855188
56.656296695.956054
82.687945702.932722
74.898941719.628268
98.151449719.081977
101.474714798.264547
83.507463704.988762
52.494739675.369081
121.565149772.149265
84.633529772.344884
24.464499635.972607
96.705572773.155132
51.788098656.685347
75.193921716.371181
33.517516624.302497
69.416656683.987604
94.610600741.871608
75.129407695.622633
57.754469686.171593
42.867003619.487143
23.926428653.434602
87.884206801.028909
105.379025703.542457
53.042116687.599471
77.627286720.718956
119.574652796.854186
43.819513635.688810
112.696440784.971160
29.745100631.756340
85.720517713.195967
80.885726687.470686
104.845043794.362302
64.268050667.020803
81.702989707.024520
81.824777725.409821
94.604546742.981831
97.859537781.368841
59.098543650.066400
94.804126778.230349
74.812332679.453971
29.528707633.525139
80.454607776.283849
124.595411781.962839
106.566347742.934019
62.131853672.904602
50.921364635.523520
31.914947654.888107
38.355728667.072291
102.440155745.982455
