2.449104319.257976
-19.945890213.149495
11.782731234.689905
-10.371244315.907693
-6.919544335.085613
0.909961200.822436
-1.741355271.294119
0.108751254.814602
-10.833389252.591947
-0.111386385.001934
13.450262244.212506
0.935004224.066921
19.587050234.065243
-0.190104389.025174
9.861117233.451766
-0.790048351.354130
12.130076367.301644
6.078128314.065072
3.890972295.149504
11.559843379.199058
1.172202226.260344
-13.067707349.917546
-6.528734288.751330
2.653805287.204279
8.158142250.599053
15.490763307.240660
-2.743111293.182929
5.632157338.697784
-10.845291381.690489
-13.394364356.691392
-11.579787366.569844
15.421709298.409571
-6.738107315.713871
0.683506272.468565
-7.441750387.641385
-7.082885327.961532
2.689809301.925819
-0.599614247.812884
-3.213645384.123975
6.013512212.707905
3.924334234.820537
10.550773271.363577
-6.705127211.006374
6.641410322.563245
-4.989153290.932275
1.486327207.444470
22.860454209.141875
5.537917290.784019
8.341741385.407938
17.236809271.448664
2.107705315.251643
11.407999316.485440
-1.525262379.673312
-8.916141236.433655
-14.271253204.757873
-8.917038360.706365
6.282557358.513717
-0.397305241.005898
2.581885370.009362
16.584661242.956433
17.778004307.377043
1.973034363.110739
-9.490809285.705620
13.761442360.530655
-5.571643301.677245
-7.344533308.232171
-2.989330278.309149
-0.961303357.154678
10.731595294.597185
11.846052225.600984
5.757911346.967986
-12.655270312.325996
0.627314377.013673
6.396672283.728213
20.929730339.442755
-15.883466318.582102
-12.545107226.158058
-5.488358213.203926
-6.060898345.271775
-16.200761207.203202
1.087654331.232256
-0.100569267.854235
6.034329262.364775
4.334403361.678299
5.085191386.144642
22.297450314.582422
-4.988437210.910335
-2.510543392.250127
-4.342588337.055980
8.924618398.998321
-2.748968249.198458
6.738163273.995402
8.863652206.421734
-21.080652206.811204
13.014698289.490165
13.712357359.199659
9.284612240.262452
-25.161026251.160907
-11.063839393.735990
-17.165444245.908208
-85.264436648.892176
-3.448634770.902656
-40.552478744.771627
-2.754323796.407376
-62.228641648.864960
-16.573662790.514415
-71.542248640.730685
-38.382897722.854462
-0.006546751.529195
-9.470765791.952830
0.275914794.623581
-17.610673750.927748
-38.140370716.799723
-8.051355802.550794
-24.198409729.170939
-25.075994762.295769
-33.101022737.316994
-48.097401711.998501
-31.420973684.288653
-46.680489680.396525
-39.337865728.859424
-88.679204630.143559
-13.270483746.346707
-17.545559753.379531
-2.804349794.317863
-7.645391749.205976
13.572915788.688234
-37.962310724.214771
-73.089304642.042268
-70.182892641.998841
-65.823421651.527513
-20.858790754.026091
-75.669073620.975630
-53.130343689.222047
-74.242118626.304834
-59.740334639.496324
-20.756924796.694325
-62.841885693.749271
-60.031218686.759413
-88.991418669.705433
-14.055681776.939770
-43.890933651.080973
-55.115165667.264180
-56.133955699.724220
-10.448966760.532280
-72.803789643.319452
-79.159886646.750505
-28.976827747.625734
0.265267764.585200
-26.472416728.475558
10.688769791.688196
-74.262264654.537592
-26.599961755.904616
-4.805190771.563158
-88.279157633.733589
15.822449784.000801
-82.058997630.209085
-59.356912651.451932
-97.309794627.172107
-21.419673722.247761
-41.694046699.411407
-63.944922658.226804
-64.824484641.443885
-23.014640768.482025
-40.169882697.371820
-80.484678679.671769
-35.753221662.972189
0.499262771.282288
-36.488030715.190024
-68.406606625.376032
-8.445749752.556195
-61.852519675.926620
-0.207002768.107342
-43.240906706.834455
-40.429398731.596012
-25.675610698.918498
-32.400291715.361204
-18.616516735.641732
-49.648880666.999751
-53.029067709.900505
-78.734243651.821239
-12.691275755.653424
-85.639112631.240060
-7.868856789.790867
-57.503976684.323258
-8.934591773.484670
-35.619484717.126866
-64.383679650.112130
-10.580675759.214803
-30.708410757.397368
-78.644941644.827609
-4.124241776.236736
-32.160309754.495220
-96.173250642.494026
8.696945790.330828
-73.779006645.505484
-26.743163749.159715
-68.864610634.743970
-76.816303704.821376
-25.314163690.503998
