22.322413241.557583
10.862190338.285993
-26.361623280.943473
-23.507935209.299540
-23.594766234.595818
4.936065391.334696
-24.370642321.711760
-50.221045357.000261
11.910104224.694698
-8.292789380.298354
44.931760353.463178
-14.035896215.193105
2.357601392.799210
6.156428369.911059
13.153046344.775180
-55.822400339.337248
-9.073015258.011461
-15.586479231.476135
-24.099318251.495560
-15.845919305.205189
-32.661297256.936286
-36.953922377.018011
-0.062643333.250364
-13.032493387.475330
18.794841339.454346
3.266502330.497691
-2.663559303.479588
-7.183109308.123037
21.332384231.045690
-1.981494237.594097
12.719420272.610736
-43.708385360.248510
-8.120163317.909346
-7.184414206.188782
44.621615282.642423
38.640551245.349936
16.636631301.969740
-21.070566240.727037
15.700922377.964112
-4.762261350.452212
-3.982395344.356610
2.896185397.318116
-33.829031284.741480
14.391552369.140349
4.069500273.460894
-12.535018254.715391
-31.159130260.949962
17.336183396.641134
-7.671841293.553060
-36.961219338.491137
-17.183691205.678652
28.096688252.700546
-34.281573241.328352
-9.872569217.228642
-51.480370366.919542
-15.369294226.562485
41.408631390.102427
14.773373390.107273
-20.552063245.350768
15.073819276.734312
5.368876391.820456
-19.488947255.724472
12.866998240.456223
2.956622336.338546
-1.870800367.489278
8.765829264.474752
-20.573351327.908611
-13.121438207.347523
-18.012531212.796717
-15.172911392.955067
57.442123291.052920
-19.897883301.727182
44.476795399.690597
-28.842456334.629634
-10.921885242.338695
24.143322301.142089
-3.901381315.512225
-24.017766320.400818
-12.569732334.513374
-7.116928326.828561
-34.463259230.516404
9.282473347.759897
-27.304405273.494805
20.613134214.665680
5.663677246.961252
19.932763297.412308
0.394400261.720923
14.765306361.424500
4.690500372.350155
22.168956359.128504
-18.676146349.167500
11.662725238.070318
42.626398221.844946
14.101605354.665108
23.099755346.794828
-1.316496283.082380
21.186708315.235390
-10.429795323.787985
5.579466360.318869
0.625790249.146930
-85.059712653.109199
-103.988938645.971490
-19.817150721.462557
-7.111055762.279950
-55.044055666.643514
-75.049933663.367193
-48.637377699.639833
-47.251403738.354512
14.235235792.903843
14.240179762.682843
-81.629188691.038142
-57.599491685.530287
-51.432991692.806573
-8.532135736.455927
-5.092070761.969732
-13.335990789.872758
17.380703784.314053
-31.718520718.496158
-87.565820641.067424
-73.968698632.845801
-15.174237771.392487
13.574099746.140157
-41.438545724.102546
-33.820047805.387226
-70.005993686.734759
-16.612569732.223658
-57.794907642.987969
-4.884006772.237801
-61.516853667.463573
-65.851246640.702836
-3.899066761.778286
-39.008342687.039448
1.802708782.550428
-105.750519633.403750
-90.961125682.531595
-32.047185710.216364
-81.215056675.600328
-61.733334648.093805
-40.945441727.290721
-41.041995730.820464
-53.248047679.628185
-56.196028701.092820
-54.007624638.064675
-20.336122740.211048
-55.183650695.096009
-20.250262724.087812
22.697775787.828101
-36.297324709.024606
-7.578608804.645110
-109.199175645.395891
-29.884299702.174621
-34.590015671.765259
-63.590657664.651284
-60.484131771.224260
-24.634814733.528374
-42.626235724.427588
-47.650028695.183009
-42.830062732.849862
-56.859467715.075183
-32.113290766.135586
-35.185858748.853140
-62.142668728.116692
-9.970479737.578742
-28.726183767.675916
-42.091222686.299798
-15.067772791.714139
13.230049750.973060
-42.899834691.895110
-68.854684612.548207
17.321361743.465930
9.197945732.969933
-13.846508720.858583
-19.905489759.845957
-83.187580634.900598
-19.872750784.811604
-68.837991629.642848
0.209979730.272667
-109.043739644.315966
-39.126626669.540246
-84.890933658.336543
-51.611615715.327094
-65.043161714.801024
-26.478672743.804568
-5.123368732.655660
-21.892824693.637899
-17.961397772.696409
-43.696441742.048138
-51.104472683.223360
-32.414452743.117930
-47.577962733.900196
-100.736429694.592702
-4.522499758.882694
0.695004800.326897
-0.048379770.838969
27.038330738.817042
2.353282795.920258
-58.403186731.636611
7.146859768.344150
-63.805434687.641917
25.590543781.918778
