-6.572821123.328241
9.076217186.172470
15.671185142.450294
7.470873119.927125
7.839594194.267157
5.624216183.643817
7.244877103.765620
4.366251180.749357
18.599057198.075104
5.153953114.345142
9.276675184.674217
18.957882250.394065
17.327014218.061253
16.583159105.650319
-9.619479150.974503
17.461490112.957146
9.763281140.437711
-0.401603162.098084
14.161521142.098593
13.059874109.077031
19.102498146.768379
8.474567177.541486
-1.246290135.285648
-0.496427259.268378
20.513635236.078555
15.062679184.530641
4.762234159.138619
-16.387758229.651826
7.723990134.042068
23.795805161.848187
15.293895175.876981
13.131499103.977516
22.399215105.610194
2.682611218.871193
20.091981238.658678
16.709838100.606684
4.679239201.178389
28.581118169.591464
2.902615173.165236
20.411524208.782612
7.707044169.660370
26.861359241.987324
17.238065162.664788
2.968507116.008440
-3.858591116.396400
1.606360182.708524
21.103070105.424484
21.418980186.673962
28.561620189.822518
16.518612220.396024
-49.673151438.869255
-58.971041417.746067
-4.697223329.075880
-52.831581392.865729
-35.232748394.906967
-37.872068401.850302
-20.754886352.179267
-94.458435493.285917
-47.119282417.688233
-49.566986416.545520
43.446178264.122183
-64.551542478.692132
-29.446184385.613409
-11.073570375.889343
-56.415477429.015637
-58.736964388.293654
34.900478264.517425
-3.597595347.720821
18.675866293.766557
27.899302261.429770
5.306173304.407746
22.959304278.513993
-26.835662336.104423
6.894950303.645183
-32.789055356.880332
-69.942698472.525047
-32.601568378.851276
-57.312945404.925346
-26.016934372.752178
-60.734194413.348884
-15.954953345.007711
-90.133436492.234915
-27.952241407.199426
23.171224283.982639
-21.761871372.190573
22.386839311.172165
-101.232199494.199369
-96.412669480.805822
-99.522214489.620439
-29.843505380.294510
23.812545265.500299
-62.680979422.176342
30.127125255.807129
-67.097018486.626551
-24.940094382.554039
-79.095001498.133690
-65.694190463.761590
-67.257191428.185923
7.661910282.153129
-19.891539380.657126
-92.905968522.204394
-35.372831606.317554
-5.460944692.493640
-59.629801537.883076
-19.981858641.023070
-65.227613597.619711
-39.805985608.695568
-31.368193637.522675
-74.406181550.978068
-64.957512543.527477
-79.136579535.690695
-25.289430607.062998
-48.189647571.614351
-16.990335652.778832
9.705859702.733734
-23.406435623.773275
1.252496699.917325
30.681893712.592192
1.635477672.162546
13.642836689.851915
-64.079116588.365886
-32.279579634.571005
-57.232237575.919463
-70.752261517.798517
-66.516998534.494507
-66.815934499.807003
-8.682285636.907599
-76.490910545.015221
-16.621944612.119152
-3.502979682.149673
-39.449681578.028298
-41.169836598.267966
-82.856788530.613885
-73.396879534.241929
-42.840244604.049898
-71.455984525.302800
-105.959518510.684232
2.036964666.570538
9.973012721.403037
-40.528874609.692546
-44.648340632.657367
-3.580843693.074373
-3.961849685.823077
-36.057207615.855921
-9.665643664.199023
10.954114685.380633
-67.540673537.090041
-50.569432564.803435
-8.919360669.738581
22.069033694.522490
13.437927894.634736
1.509474861.160487
27.505665784.040656
4.779176806.259388
-12.227545817.707352
4.309796860.079407
5.117595755.985365
3.046761777.054428
1.946263732.949048
0.224017809.060049
6.537071794.512744
10.720276820.036952
-1.820948787.171064
13.898963756.202306
16.058791786.540071
19.336700864.747448
7.066798846.414877
12.925039818.991526
-0.068118812.394419
28.072150788.774677
-1.625624772.701156
6.136305819.943952
15.912734873.691589
3.524291846.789124
5.580040733.441131
2.095472857.674295
-12.013878892.456527
2.962759868.294629
8.562316773.912724
12.915631829.469607
9.177555894.423435
15.616199836.087172
7.555432835.370753
0.756410848.382747
15.066315795.016247
16.421855816.687278
1.779726798.951962
7.938290816.213982
9.718067754.531518
-5.458900812.116938
4.741165746.427638
14.223670899.216828
0.148263858.726053
-1.228663821.241195
-2.184630870.171146
14.863428841.205829
21.619211757.981894
-3.246872787.080451
7.765988851.121276
5.316572818.058828
