10.382306227.806794
2.658932246.853716
7.274843244.241115
4.581336250.989669
-2.343753188.158032
13.902581122.402374
15.786078202.187137
3.788243211.849972
9.789379207.029916
12.648857248.151793
12.441638213.113750
13.585359141.046801
14.666309217.698663
2.888632163.160093
7.397065212.041388
7.517820233.693721
18.948950253.794304
12.828242150.996247
11.700549220.865513
3.318305122.836453
11.855956238.079154
4.377161112.744059
6.897197235.516712
14.893023230.332047
15.665529159.239140
2.298894229.707954
14.072844211.086990
7.802690258.410007
3.464450216.880829
10.672587111.940185
7.792833161.575093
14.001931255.667148
7.023087155.342577
12.596047220.905268
3.508207155.451685
7.377475188.446972
9.478401135.915804
10.524266179.888830
10.530571145.728419
9.554110183.121967
8.195869192.953355
12.732156247.289737
17.662289146.634500
7.625926102.622155
18.777473232.596306
20.424492148.434640
14.702553248.371720
10.256126170.766638
16.945186240.016913
10.941563195.287610
-41.578172410.532621
-17.144396348.220653
1.600901308.122415
-0.665711316.011986
26.398082278.031335
-52.161173412.477933
-22.208136365.245204
12.830843301.431724
-7.095242332.618250
-30.578660395.311882
-32.298811390.904508
-33.573574390.507412
-46.357572420.076829
-40.927543400.429358
-23.646187360.254778
-24.089197387.042803
-29.731338382.017673
12.819705289.268020
-29.836939390.470564
-51.105519421.274220
-0.753298314.539359
-15.471716369.407892
-10.289890336.191711
-1.120419325.426005
-48.795486405.148359
1.454172308.894641
6.007383314.153850
-41.757391417.689305
-52.220103423.829800
23.420939264.880929
12.474877312.385349
26.759524274.011492
-27.179297381.067871
18.422540278.957402
13.977401286.917240
-28.323478373.036500
10.128664292.270517
-6.907595329.905651
-8.077008344.274598
-26.559949352.413295
13.247377299.820731
-18.776109366.152276
24.516995262.703716
6.184837311.525893
-39.587317382.145611
1.722240309.960236
-28.249542362.084201
25.115227286.242760
-8.273884326.859713
-11.946830354.869556
-8.209668688.769073
-50.382601592.004982
14.725787703.886971
28.523728724.628786
21.095674714.119631
18.326248706.057244
-12.030320651.059826
14.753963714.066988
-43.631766602.188902
-49.242279574.604239
12.179360708.964216
-7.097392662.957239
1.852473691.442507
13.180698717.524069
-39.770061598.105326
-11.715091658.915828
-23.539304632.858407
10.822925688.041058
-40.217925611.278868
-46.689283595.797323
-41.929310587.751862
-48.468743592.428499
-34.402099610.899784
3.527250685.286110
-48.644792588.234735
15.792381714.439861
2.178335707.801181
-0.495760664.930652
-50.260240570.844592
-13.723388638.363136
-2.162122665.303991
-28.631821630.433746
14.347291722.016995
-23.853455638.949497
-10.280984655.712498
-41.617672607.990729
-34.205944633.356851
-47.556052575.629728
17.066538713.413252
-32.799756623.780521
-43.284673600.169545
-16.042197653.239057
11.444627702.724548
-36.614892642.040475
-48.476704576.432211
-48.537481579.789519
-43.993570577.525635
-8.079732662.404449
4.951282696.418999
-1.856034667.843720
14.549807793.297681
0.132927741.254923
10.545798867.143973
5.528881882.275997
7.050006871.685837
4.368930832.404995
5.465811770.467062
12.243484774.813314
14.994066848.440702
12.940482841.792254
7.009743798.903886
12.688994807.723904
18.358875796.912268
13.902963868.134776
5.636537877.167292
5.962543741.691597
13.849978746.644322
11.463722890.690711
4.951583801.364857
13.503398790.317552
19.400904813.593176
-3.477954786.763801
8.762139871.567735
12.640521774.424498
17.626211828.534177
12.271231741.710957
3.493745883.439600
21.093078882.705881
15.202027843.544769
2.412371821.506561
7.445876834.997978
12.422327805.145876
1.719793879.376733
13.466966897.589982
14.823682805.631439
10.270789780.456978
8.194965857.959081
5.598646775.999113
8.538746829.463520
18.576550806.454889
7.176022864.740000
0.337114891.308468
6.892594735.047220
7.738233780.734228
11.657133874.660847
8.330725741.782103
6.191152891.118845
-0.956617739.038632
13.465579768.174597
11.159341753.283493
