5.306262157.732823
-4.653383244.389852
6.842050138.349131
21.395719205.589238
15.599626105.615508
6.997956147.545187
6.021620113.185483
2.215721119.413534
21.531699241.932603
-2.196769223.196093
12.906456130.496598
9.017693101.603691
13.666127130.112492
8.132700116.092887
10.664853119.055993
-7.472998138.516125
10.979635163.257246
18.056283145.099016
-8.881886151.026198
0.181053161.227800
-5.309535153.747138
-3.831924212.276147
7.023103143.881456
0.083282204.967256
18.994560219.847390
5.619550151.112923
8.845747206.317235
11.255288241.747729
16.879913115.510620
-0.885873204.620283
18.042840130.951327
4.191598130.705916
-1.726999181.359922
9.408444186.384508
14.317511226.976769
18.771786107.994029
20.509239119.295894
20.396245105.847105
16.040752214.874926
17.370189159.214821
13.146241170.462263
17.498184119.610695
17.823268167.015855
0.380196215.560291
-0.222218121.194237
-0.915198133.706968
9.258031133.292740
19.599068146.456061
21.348043188.092044
16.426664210.321089
-72.030251351.276683
-32.102414299.587727
-11.010725268.403495
-32.790674336.141487
-69.977223321.860459
13.912492275.198988
-88.206736366.521551
0.496024260.391594
-48.841279316.257393
-84.881255351.838691
-63.588641339.637240
-9.059576285.292581
-52.694659320.577225
-6.108902301.623008
-61.442243348.908615
-11.871662278.807809
-88.464724347.567884
-37.598608284.787280
1.691705292.434386
11.759686257.044138
-43.184902303.468336
-53.971683324.652560
-55.156502309.628999
-74.173330356.973124
-30.728215332.030304
-24.727811293.662807
-25.398566289.675075
-38.230700313.147634
-65.513620357.708846
-90.962772338.469043
31.323044260.272741
0.843485281.291910
-78.731663347.235966
6.068593302.151508
-86.223559336.505292
26.337291268.374119
-19.308972276.001856
-70.931842349.549794
-49.082333311.023771
-69.705976348.715942
-39.383799307.429061
10.927336272.712827
-26.088429314.013971
-24.350156280.448962
-80.274520340.980604
-95.721261357.877474
-25.080615301.967056
-56.344745344.836012
-33.941772285.345494
-60.682205328.335802
-90.879221706.088203
-65.907630688.391170
-72.929765766.956445
-83.449902672.360906
-85.921550733.463370
-88.598535765.902097
-103.592226678.012611
-75.204815740.961467
-102.764404652.062796
-97.566362632.619026
-76.120685771.191081
-107.585749697.872091
-108.873486705.617250
-106.566067686.735827
-77.342197755.550469
-80.834726761.365120
-101.382004611.831246
-61.742592741.912471
-111.721037732.255119
-110.089710628.998737
-98.317095696.080525
-75.750349748.714458
-120.000290601.718018
-96.857382693.648025
-113.170765619.509947
-99.936283679.478739
-106.244783612.263802
-101.310799672.220679
-114.494020644.008988
-125.493613606.261388
-114.119721603.022905
-92.108418719.023744
-111.878448631.026678
-82.905088716.779166
-78.014630695.066575
-120.914505615.521231
-92.774521706.276103
-84.334605704.732925
-71.026972761.502197
-83.894066677.331502
-79.160656680.427533
-87.956093672.616181
-88.624211707.240754
-111.055316665.604703
-112.164035621.673598
-103.823681697.544631
-115.216611607.441850
-67.155072765.010180
-114.264952619.688436
-82.921330714.513422
-172.193817846.641213
-109.487451777.057950
-112.561409780.796892
-152.613682835.837029
-154.040653830.461128
-67.900260764.864365
-164.569071851.115688
-114.810422769.802867
-82.820402729.401082
-151.959741845.950251
-141.791744797.667174
-96.345853750.353721
-115.359888761.594905
-145.675483820.678466
-136.063528799.538371
-96.689419771.260059
-159.848452845.116454
-164.602746849.008640
-157.593798831.553105
-142.294068802.120169
-168.312153850.114297
-101.550433777.091371
-92.504565780.791147
-89.611865733.167909
-112.093672731.121854
-151.576869842.770256
-73.352841742.584797
-142.705929813.319307
-85.464481762.170429
-131.640223804.670445
-141.389277804.975138
-102.070242766.597904
-160.440913840.354825
-80.342740749.228128
-116.868415761.703367
-149.724634843.988169
-144.878341822.315693
-99.146171750.588412
-85.181855737.748848
-150.069413834.918983
-86.360868736.554891
-146.924488812.935344
-151.773324840.490371
-138.451051833.419499
-105.843098782.401645
-92.547248757.673923
-166.435787846.323276
-98.049304757.473085
-164.810572819.903499
-149.176895830.260795
