-129.36665651.645090
-143.48476095.320001
-121.08685659.152059
-37.575108234.440221
-166.931086145.886110
-146.748083124.136295
-39.30783115.043307
-146.324657100.311527
20.877043251.486023
-126.422702162.888788
-133.88837675.081599
-91.49048159.887223
-0.0368341.892575
-144.78604398.599948
-89.83712933.200799
-131.367821147.738282
-138.457348158.846215
-17.9886778.843243
-153.40956893.958055
-75.78461333.377726
29.976289253.036905
-148.230898155.991766
-3.8845134.875066
-134.084473180.620080
-99.551821190.884042
-39.49531616.842309
18.849164258.325038
-127.244563182.447569
-176.320052129.856582
-22.7191219.226959
-151.83589776.659323
-128.503357182.045500
-104.330705203.563814
-0.3262956.334338
-153.757037107.359587
-122.90019564.173242
-57.797654218.534394
-113.00118462.944658
-128.54471269.796895
-61.47061725.025158
0.033445250.647270
-22.474846239.766885
-122.033803182.614714
-150.64987699.243290
-31.603349235.899616
-70.05698330.497439
-77.222072220.389191
-162.851973113.847389
-64.41458832.648147
-117.447652180.866288
-100.779634202.681444
-159.985935157.767954
-5.4174011.485124
-55.184385232.522286
-120.21950780.744261
19.447699251.648969
-46.389636231.845582
-57.236389227.460965
-89.605833205.370882
-36.67887316.159679
-88.037563197.323697
-49.28068418.008250
-100.088742194.366806
-154.959563147.403476
16.598556252.075203
-152.42419078.889063
-1.721147249.942364
-68.091883447.214824
-203.035528682.627220
-118.587294580.705624
-54.048691399.211001
-72.618726445.579556
-73.855292459.471877
-158.452123633.061571
-125.363817545.580880
-113.573541523.047714
-175.502104682.223760
-109.098592507.623270
-140.837060629.571543
-117.705926541.825686
-87.489508468.597689
-71.819670468.212169
-63.154693445.272648
-134.503873564.558982
-144.950796635.675642
-27.782413389.228314
-189.578593683.099291
-75.507418475.885356
-46.840149412.961619
-96.405345535.929335
-136.232806609.414263
-47.279967425.625343
-64.301446471.841443
-167.305483699.065337
-145.809068611.440988
-177.872266608.242640
-144.765556583.335805
-181.032850659.809045
-76.970451493.812054
-158.514341655.755120
-162.393046674.847570
-76.162268501.054257
-159.045304610.623750
-179.945736666.698328
-175.065581639.314303
-109.227791534.544257
-125.472563582.059321
-117.704806572.486689
-103.141731516.403736
-86.051692490.753751
-112.991618537.717453
-146.968805607.360680
-154.262110655.490965
-58.853473453.037190
-28.113416382.250302
-53.746050402.968188
-66.260164442.184309
-65.358451448.379063
-98.054170516.482036
-56.486173408.685530
-97.983373479.749825
-108.181225558.603502
-101.157648527.713506
-134.522751606.844246
-140.897840605.351426
-78.005412473.731318
-29.603226387.863441
-86.370245489.153645
-101.609114545.447804
-103.075535494.852548
-105.448668499.381722
-139.760983617.881932
-141.166420587.800709
-35.724641386.532242
-1.903087982.330174
-35.849954870.510261
-18.633161924.536272
1.806551998.649099
-5.644888975.489210
-15.560829890.008072
-29.294360908.586969
-8.480301965.910616
-26.593923920.443773
-32.112109865.931452
-36.159181854.377015
-45.178024842.087045
-59.366379866.265719
-27.954718877.783698
-52.327778846.794510
-11.856386927.360574
-20.223500942.528599
-55.721150834.663180
-55.533618856.663456
-23.386711962.489437
-2.962717938.621841
-2.945049954.931216
-0.682956988.247257
-57.162273827.441778
-16.935234904.590195
-37.452303842.227171
-17.756973935.747415
-23.321913946.036116
-13.156271964.599452
-72.431485809.436811
-56.765888821.413261
-10.831383985.712252
-47.450596841.528128
-38.877871938.112339
-31.783396855.755654
-5.943106995.376008
-51.296972832.558685
-44.308791824.885916
-6.845390943.448425
-13.922306940.568412
-0.148851974.370527
-63.396947807.772146
10.475165939.721371
-13.460847948.434971
-71.710753824.201793
-55.695082871.335315
-47.782314843.156593
-21.078044946.000732
-69.789312823.609672
-19.057925896.863498
-20.072821947.220090
-30.794508919.364856
-32.780831921.706227
-63.222709857.910191
4.516560997.000917
-37.255763854.320172
-12.211366948.410504
-28.345914879.715861
-34.805583829.691863
-48.058444816.018564
-39.996222858.551383
-35.157892904.329571
-38.813870857.347314
-33.734781882.023704
7.902484979.814299
-17.969936968.215403
-22.790931906.685569
