-188.56105799.307190
-202.478425191.755712
-163.95951263.920211
-184.56499779.697210
-185.948856103.940582
-153.18286261.182633
-216.286220195.942570
-156.963438228.262324
-161.152173218.870727
-164.033963239.243458
-216.520150150.073847
-66.68651021.404847
-218.250571122.964731
-148.345565240.071932
-93.65610733.710972
-179.01233369.383935
-215.291675180.929129
-213.264263184.650767
-169.43137176.255677
-121.227124249.700862
-207.749559134.149666
-132.260626247.493065
-193.24016588.103412
-177.43311469.274091
-206.44998997.190136
-90.469500266.127378
-227.038892186.509939
-222.840561119.690829
-204.776979108.384574
-149.428143228.089834
-100.25907338.921831
-212.748854104.833796
-183.872978202.306967
-196.02495796.255229
-178.439347214.774454
-157.45280370.860604
-189.19185577.287571
-190.265425205.153459
-214.864465139.347286
-226.399344119.489270
-131.397121257.514583
-202.019159154.655227
-115.31258645.299267
-192.672131110.530177
-217.364187132.724697
-200.34169298.194081
-110.571420252.845683
-171.007339223.814288
-215.774251153.269360
-223.162711180.110710
-178.25483481.028637
-104.120163258.568853
-195.426127183.760277
-84.165761269.460783
-193.591937206.755370
-233.294237181.992344
-223.078349185.084565
-155.46936363.285997
-84.360086261.740493
-188.477868190.644651
-218.068480186.622334
-224.418420138.711681
-206.295580126.706636
-240.887998160.245778
-96.368669260.862218
-185.729878209.285125
-193.671791187.265615
-149.75314959.141932
-240.135277160.275441
-210.921773178.886230
-103.57444838.326036
-144.79524157.553865
-208.924564185.019219
-191.54224095.845157
-130.51521146.452142
-50.56733614.204871
-198.443089214.436463
-71.40000525.478291
-16.4830403.179952
-90.950727264.970787
-116.427536247.169547
-99.67982833.064717
5.2317693.837732
-197.72858797.261192
-219.688390116.494205
-210.630807127.055001
-218.169935120.504039
-138.69396462.176846
-124.231695253.806127
-77.509698262.059251
-168.319540221.955923
-186.934511225.448682
-206.791720159.668265
-171.70796569.237948
-162.59946065.561148
-229.610137150.688919
-212.597635191.343320
-168.541846228.468610
-168.812542221.683014
-151.53024868.874897
-139.066354828.511791
-94.722698996.961859
-184.871285671.513167
-217.511064619.457418
-180.617525812.601747
-259.629075532.771934
-139.402405930.627658
-236.809646545.225972
-156.874301801.892341
-184.989273693.473532
-93.389923993.332076
-143.776419870.481449
-151.864235897.899132
-104.359860954.188531
-112.442958941.553158
-178.385118788.099302
-132.464595892.990504
-224.532513570.190927
-178.269950759.531932
-214.500164547.897349
-113.177049895.822870
-127.543669918.211737
-134.249471974.014352
-196.523934705.406767
-230.435628566.565905
-113.569399980.462279
-107.435697960.818124
-171.140729809.480374
-115.891579986.210437
-220.831256666.722303
-211.021621661.431369
-147.307882841.296253
-106.593144944.945692
-171.786787712.519137
-201.560276651.001690
-181.759025675.050732
-218.337107597.436801
-209.959747630.408511
-253.336158512.145020
-149.994690788.811606
-155.030750813.313979
-245.424741554.368237
-153.351692871.556123
-177.643674731.247735
-215.107191643.198787
-127.471603889.531638
-241.846293577.464377
-142.177145874.736568
-141.590265818.784953
-214.962727642.215106
-190.230163662.503631
-174.895503700.633920
-193.097559705.421282
-219.994763609.410171
-120.441035961.448189
-207.944030681.133493
-141.620485844.250626
-141.906197880.353082
-152.099725854.767320
-122.270237931.677051
-97.473923965.664693
-157.898128816.494673
-186.142481780.785357
-230.298655630.049716
-215.522594611.301051
-207.784036643.087943
-159.935415781.238902
-175.952805717.234663
-129.033444926.369188
-207.684827644.033418
-186.823828727.092765
-191.680989677.948176
-120.006738926.364737
-195.106004655.723847
-154.131263818.549214
-160.343141773.124134
-155.533632822.959563
-148.488876908.102180
-178.508437744.173871
-76.482845989.857179
-165.000862757.848492
-212.172231612.509181
-216.627926621.518668
-145.638175830.180945
-154.991898802.397299
-169.208116733.555157
-163.557181791.906284
-162.935748772.649512
-177.529082746.293823
-170.785140754.826591
-120.682782943.309604
-156.361034792.569863
-147.378098855.386076
-212.029397589.755039
-112.080456930.554089
-163.095606771.710902
-108.600142900.345928
-148.787080852.063580
-133.368596917.243835
-105.031401974.850629
